0.0375637578232777
0.6254282163947616
0.5864817589703676
0.7130322516274056
0.6131332056462171
0.04297377222943344
0.11139305519647424
0.4906698876480232
0.28958931503806773
0.801634378485993
0.8981858057485591
0.07408596609204798
0.04568026322566765
0.6800741698637381
0.9158516034192336
0.6303358401985043
0.948755439790305
0.8430034133595865
0.2884570707901386
0.7333894866495608
0.8715864601849449
0.748029305876601
0.38030367347402894
0.38420283158115043
0.24289937744023915
0.3637838765408645
0.029733946319735582
0.0851693256724132
0.27880949375033937
0.8376041581276843
0.9359109820579306
0.0460356733161017
0.8416334736326168
0.31543589477293066
0.0714560028836917
0.9846923822314712
0.23460476134173258
0.15481260110794903
0.9621384422825011
0.25344618473695846
0.45579286663350516
0.6392477031040723
0.2082085390930215
0.19838367823512515
0.58290415252981
0.5122389550787698
0.676526132159099
0.6950824482751745
0.7729611403644245
0.22197131911686485
0.9079276882074714
0.9946480387634935
0.12799482887670932
0.232452567498884
0.7445344928125919
0.7801072255272224
0.12254918519139846
0.25596723045789616
0.8763283722839821
0.3067552072645332
0.5948630014722838
0.025982696466956057
0.8624132455978504
0.936505115042729
0.17253248585671865
0.45988136211550956
0.2509106743810523
0.9550700474157748
0.6444750083695142
0.34818989683355317
0.2304504084639769
0.18804358907991203
0.21913178601517613
0.790836712971806
0.07048630735830397
0.07118249131448007
0.7151999704371856
0.46629964151741843
0.5260788800358229
0.8082287010305136
0.2714105432304349
0.8016247420362299
0.19709057268782215
0.8097436395376048
0.763811565084305
0.612973768039795
0.2590363316334615
0.6118570977819318
0.7883509252176041
0.09392620674442065
0.3807791520506474
0.7679366529670663
0.541133177083257
0.7394904700370482
0.7100057491293749
0.9586390853786211
0.5001727632196333
0.4161537860858915
0.8255602118580067
0.6077085829803383